13,26,10
15,26,54;16,25,47;19,27,46;19,27,46;26,30,42;31,30,39;28,28,38;20,26,23;16,32,30;17,34,32;14,32,25
15,26,44;15,27,34;17,27,30;27,31,37;28,26,20;21,25,12;17,29,19;13,34,16;12,33,10
15,26,54;15,25,37;12,26,26;13,28,27;31,34,48;28,59,117;28,59,117
0,0,0;0,0,0;0,0,0;0,0,0;0,0,0;0,0,0;0,0,0;0,0,0;0,0,0
13,20,42;18,20,35;24,20,33;17,21,34
13,19,42;09,13,51;06,04,65;05,04,66;06,04,56;08,13,52
15,26,44;15,27,43;11,18,45;14,16,41;14,14,38;16,28,48;16,28,52
30,66,140;35,61,117;40,51,71;41,46,60;25,36,80
0,0,0;0,0,0
